80.33333333333333
83.33333333333333
85.33333333333333
52.666666666666664
68.33333333333333
64.33333333333333
57.333333333333336
75.66666666666667
76.0
53.333333333333336
58.0
63.0
51.666666666666664
50.333333333333336
44.666666666666664
63.333333333333336
79.33333333333333
38.333333333333336
48.333333333333336
81.66666666666667
56.666666666666664
69.33333333333333
69.33333333333333
77.33333333333333
65.66666666666667
43.333333333333336
58.0
53.0
79.66666666666667
67.0
74.66666666666667
55.0
52.333333333333336
67.33333333333333
41.0
84.0
71.33333333333333
89.0
64.33333333333333
59.666666666666664
76.0
69.33333333333333
51.333333333333336
85.33333333333333
56.666666666666664
71.66666666666667
70.0
68.0
62.666666666666664
55.0
62.333333333333336
73.0
69.33333333333333
62.666666666666664
47.666666666666664
46.0
56.666666666666664
60.333333333333336
52.0
48.666666666666664
54.333333333333336
53.666666666666664
60.666666666666664
62.666666666666664
38.666666666666664
92.0
74.33333333333333
56.0
58.666666666666664
60.666666666666664
53.333333333333336
59.666666666666664
43.0
44.666666666666664
68.33333333333333
52.0
66.0
62.0
70.33333333333333
56.333333333333336
74.66666666666667
73.33333333333333
61.333333333333336
71.66666666666667
64.0
82.66666666666667
45.0
55.333333333333336
62.0
74.66666666666667
83.0
95.0
52.666666666666664
56.0
52.0
80.0
43.666666666666664
70.33333333333333
66.0
74.0
67.0
43.333333333333336
55.0
38.0
56.666666666666664
65.66666666666667
53.0
66.66666666666667
56.0
37.666666666666664
68.66666666666667
75.66666666666667
56.0
87.0
82.66666666666667
68.66666666666667
65.33333333333333
57.0
66.33333333333333
71.0
47.0
64.66666666666667
82.0
70.0
49.333333333333336
65.0
66.66666666666667
84.33333333333333
73.66666666666667
54.0
78.66666666666667
60.666666666666664
52.0
56.666666666666664
57.333333333333336
59.0
60.666666666666664
84.33333333333333
51.333333333333336
74.33333333333333
65.33333333333333
58.0
64.33333333333333
81.66666666666667
72.33333333333333
58.333333333333336
63.726027397260275 64.13698630136986 62.65068493150685
